0.000000000000000000e+00 1.700000000000000000e+02 3.900000000000000000e+01 9.000000000000000000e+00 2.500000000000000000e+01 6.000000000000000000e+00 2.900000000000000000e+01 7.000000000000000000e+00 0.000000000000000000e+00 0.000000000000000000e+00
0.000000000000000000e+00 3.770000000000000000e+02 4.050000000000000000e+02 2.600000000000000000e+01 2.200000000000000000e+01 2.000000000000000000e+00 3.200000000000000000e+01 4.600000000000000000e+01 0.000000000000000000e+00 0.000000000000000000e+00
0.000000000000000000e+00 1.400000000000000000e+03 3.770000000000000000e+02 9.500000000000000000e+01 1.000000000000000000e+01 9.000000000000000000e+00 6.200000000000000000e+01 1.600000000000000000e+02 3.780000000000000000e+02 0.000000000000000000e+00
0.000000000000000000e+00 2.415000000000000000e+03 3.481000000000000000e+03 2.080000000000000000e+02 9.200000000000000000e+01 1.400000000000000000e+01 1.520000000000000000e+02 3.630000000000000000e+02 3.989000000000000000e+03 0.000000000000000000e+00
3.620000000000000000e+02 4.000000000000000000e+00 7.000000000000000000e+00 3.900000000000000000e+01 5.000000000000000000e+00 2.000000000000000000e+00 1.000000000000000000e+00 1.200000000000000000e+01 0.000000000000000000e+00 0.000000000000000000e+00
8.000000000000000000e+00 0.000000000000000000e+00 2.200000000000000000e+01 5.000000000000000000e+00 6.000000000000000000e+00 0.000000000000000000e+00 1.900000000000000000e+01 3.000000000000000000e+00 0.000000000000000000e+00 0.000000000000000000e+00
4.000000000000000000e+00 0.000000000000000000e+00 0.000000000000000000e+00 0.000000000000000000e+00 0.000000000000000000e+00 0.000000000000000000e+00 3.000000000000000000e+00 0.000000000000000000e+00 0.000000000000000000e+00 0.000000000000000000e+00
7.000000000000000000e+00 0.000000000000000000e+00 0.000000000000000000e+00 3.000000000000000000e+00 0.000000000000000000e+00 0.000000000000000000e+00 0.000000000000000000e+00 0.000000000000000000e+00 0.000000000000000000e+00 0.000000000000000000e+00
3.400000000000000000e+02 0.000000000000000000e+00 0.000000000000000000e+00 1.000000000000000000e+01 1.100000000000000000e+01 3.000000000000000000e+00 9.000000000000000000e+00 5.900000000000000000e+01 0.000000000000000000e+00 9.650000000000000000e+02
0.000000000000000000e+00 0.000000000000000000e+00 0.000000000000000000e+00 0.000000000000000000e+00 3.000000000000000000e+00 0.000000000000000000e+00 1.300000000000000000e+01 3.000000000000000000e+00 0.000000000000000000e+00 1.130000000000000000e+02
3.646000000000000000e+03 0.000000000000000000e+00 2.000000000000000000e+00 4.400000000000000000e+01 2.300000000000000000e+01 4.000000000000000000e+00 7.400000000000000000e+01 3.330000000000000000e+02 0.000000000000000000e+00 1.924000000000000000e+03
0.000000000000000000e+00 0.000000000000000000e+00 9.000000000000000000e+00 9.100000000000000000e+01 4.000000000000000000e+00 0.000000000000000000e+00 8.000000000000000000e+00 9.750000000000000000e+02 0.000000000000000000e+00 1.365000000000000000e+03
0.000000000000000000e+00 1.000000000000000000e+00 0.000000000000000000e+00 0.000000000000000000e+00 0.000000000000000000e+00 1.000000000000000000e+00 1.000000000000000000e+00 0.000000000000000000e+00 0.000000000000000000e+00 0.000000000000000000e+00
