0.000000000000000000e+00 3.783000000000000000e+03 3.740000000000000000e+02 7.500000000000000000e+01 4.100000000000000000e+02 8.900000000000000000e+01 2.600000000000000000e+01 7.400000000000000000e+01 6.111000000000000000e+03 0.000000000000000000e+00
0.000000000000000000e+00 5.564000000000000000e+03 5.667000000000000000e+03 1.850000000000000000e+02 1.390000000000000000e+02 6.800000000000000000e+01 3.060000000000000000e+02 1.745000000000000000e+03 7.703000000000000000e+03 0.000000000000000000e+00
0.000000000000000000e+00 1.715000000000000000e+03 4.198000000000000000e+03 1.197000000000000000e+03 2.470000000000000000e+02 1.030000000000000000e+02 5.620000000000000000e+02 7.440000000000000000e+02 0.000000000000000000e+00 0.000000000000000000e+00
0.000000000000000000e+00 2.569000000000000000e+03 3.270000000000000000e+03 8.070000000000000000e+02 2.260000000000000000e+02 1.240000000000000000e+02 6.690000000000000000e+02 9.870000000000000000e+02 0.000000000000000000e+00 0.000000000000000000e+00
4.549000000000000000e+03 1.200000000000000000e+02 2.120000000000000000e+02 3.870000000000000000e+02 3.500000000000000000e+01 1.000000000000000000e+00 5.000000000000000000e+01 1.531000000000000000e+03 0.000000000000000000e+00 0.000000000000000000e+00
5.500000000000000000e+02 6.000000000000000000e+00 5.800000000000000000e+01 6.800000000000000000e+01 1.300000000000000000e+01 4.000000000000000000e+00 1.600000000000000000e+01 1.376000000000000000e+03 0.000000000000000000e+00 0.000000000000000000e+00
7.900000000000000000e+01 1.000000000000000000e+01 6.000000000000000000e+00 3.500000000000000000e+01 2.000000000000000000e+00 0.000000000000000000e+00 9.000000000000000000e+00 0.000000000000000000e+00 0.000000000000000000e+00 0.000000000000000000e+00
2.180000000000000000e+02 4.000000000000000000e+00 2.000000000000000000e+00 7.400000000000000000e+01 1.000000000000000000e+00 1.000000000000000000e+00 6.700000000000000000e+01 0.000000000000000000e+00 0.000000000000000000e+00 0.000000000000000000e+00
4.740000000000000000e+03 0.000000000000000000e+00 6.000000000000000000e+00 3.040000000000000000e+02 1.570000000000000000e+02 1.300000000000000000e+01 1.080000000000000000e+02 1.012000000000000000e+03 0.000000000000000000e+00 1.381400000000000000e+04
0.000000000000000000e+00 0.000000000000000000e+00 0.000000000000000000e+00 2.300000000000000000e+01 1.500000000000000000e+01 1.000000000000000000e+00 1.800000000000000000e+01 4.400000000000000000e+01 0.000000000000000000e+00 0.000000000000000000e+00
3.674000000000000000e+03 7.000000000000000000e+00 1.000000000000000000e+00 7.400000000000000000e+01 1.200000000000000000e+01 4.000000000000000000e+00 1.500000000000000000e+01 0.000000000000000000e+00 0.000000000000000000e+00 0.000000000000000000e+00
0.000000000000000000e+00 0.000000000000000000e+00 1.700000000000000000e+01 1.080000000000000000e+02 1.000000000000000000e+00 2.000000000000000000e+00 0.000000000000000000e+00 0.000000000000000000e+00 0.000000000000000000e+00 0.000000000000000000e+00
4.000000000000000000e+00 3.600000000000000000e+01 1.000000000000000000e+00 1.400000000000000000e+01 2.000000000000000000e+00 0.000000000000000000e+00 1.900000000000000000e+01 1.000000000000000000e+00 0.000000000000000000e+00 0.000000000000000000e+00
