0.000000000000000000e+00 1.280000000000000000e+02 3.500000000000000000e+01 1.000000000000000000e+01 5.000000000000000000e+00 1.000000000000000000e+00 9.000000000000000000e+00 1.100000000000000000e+01 0.000000000000000000e+00 0.000000000000000000e+00
0.000000000000000000e+00 2.350000000000000000e+02 2.340000000000000000e+02 3.000000000000000000e+00 3.000000000000000000e+00 3.000000000000000000e+00 1.100000000000000000e+01 5.500000000000000000e+01 6.150000000000000000e+02 0.000000000000000000e+00
0.000000000000000000e+00 2.130000000000000000e+02 2.260000000000000000e+02 4.400000000000000000e+01 1.000000000000000000e+01 6.000000000000000000e+00 1.200000000000000000e+01 1.020000000000000000e+02 2.000000000000000000e+00 0.000000000000000000e+00
0.000000000000000000e+00 9.900000000000000000e+01 1.650000000000000000e+02 3.000000000000000000e+01 2.000000000000000000e+00 1.000000000000000000e+00 6.600000000000000000e+01 2.900000000000000000e+01 2.900000000000000000e+01 0.000000000000000000e+00
2.860000000000000000e+02 2.500000000000000000e+01 2.700000000000000000e+01 9.000000000000000000e+00 7.000000000000000000e+00 5.000000000000000000e+00 1.100000000000000000e+01 3.100000000000000000e+01 0.000000000000000000e+00 0.000000000000000000e+00
3.000000000000000000e+01 5.000000000000000000e+00 1.000000000000000000e+01 1.700000000000000000e+01 0.000000000000000000e+00 0.000000000000000000e+00 1.600000000000000000e+01 1.180000000000000000e+02 6.300000000000000000e+01 7.090000000000000000e+02
4.000000000000000000e+00 0.000000000000000000e+00 0.000000000000000000e+00 6.000000000000000000e+00 0.000000000000000000e+00 0.000000000000000000e+00 6.000000000000000000e+00 0.000000000000000000e+00 0.000000000000000000e+00 0.000000000000000000e+00
4.000000000000000000e+00 0.000000000000000000e+00 0.000000000000000000e+00 2.000000000000000000e+00 0.000000000000000000e+00 0.000000000000000000e+00 2.000000000000000000e+00 5.000000000000000000e+00 0.000000000000000000e+00 0.000000000000000000e+00
1.480000000000000000e+02 0.000000000000000000e+00 0.000000000000000000e+00 3.000000000000000000e+00 0.000000000000000000e+00 0.000000000000000000e+00 1.000000000000000000e+00 3.000000000000000000e+00 0.000000000000000000e+00 0.000000000000000000e+00
0.000000000000000000e+00 0.000000000000000000e+00 0.000000000000000000e+00 2.000000000000000000e+00 0.000000000000000000e+00 0.000000000000000000e+00 0.000000000000000000e+00 0.000000000000000000e+00 0.000000000000000000e+00 0.000000000000000000e+00
2.370000000000000000e+02 0.000000000000000000e+00 0.000000000000000000e+00 1.000000000000000000e+00 0.000000000000000000e+00 0.000000000000000000e+00 0.000000000000000000e+00 0.000000000000000000e+00 0.000000000000000000e+00 0.000000000000000000e+00
0.000000000000000000e+00 0.000000000000000000e+00 0.000000000000000000e+00 8.400000000000000000e+01 0.000000000000000000e+00 0.000000000000000000e+00 0.000000000000000000e+00 0.000000000000000000e+00 0.000000000000000000e+00 0.000000000000000000e+00
0.000000000000000000e+00 4.000000000000000000e+00 3.000000000000000000e+00 0.000000000000000000e+00 0.000000000000000000e+00 0.000000000000000000e+00 0.000000000000000000e+00 2.500000000000000000e+01 0.000000000000000000e+00 0.000000000000000000e+00
