0.000000000000000000e+00 8.600000000000000000e+01 6.100000000000000000e+01 1.900000000000000000e+01 3.300000000000000000e+01 2.400000000000000000e+01 2.100000000000000000e+01 2.800000000000000000e+01 2.000000000000000000e+00 0.000000000000000000e+00
0.000000000000000000e+00 3.200000000000000000e+02 4.030000000000000000e+02 8.700000000000000000e+01 6.300000000000000000e+01 5.000000000000000000e+01 6.800000000000000000e+01 4.800000000000000000e+02 4.800000000000000000e+02 0.000000000000000000e+00
0.000000000000000000e+00 2.226000000000000000e+03 5.920000000000000000e+02 2.420000000000000000e+02 1.120000000000000000e+02 4.500000000000000000e+01 1.190000000000000000e+02 3.710000000000000000e+02 2.186000000000000000e+03 0.000000000000000000e+00
0.000000000000000000e+00 3.896000000000000000e+03 5.426000000000000000e+03 3.650000000000000000e+02 2.720000000000000000e+02 9.000000000000000000e+01 4.530000000000000000e+02 1.799000000000000000e+03 3.873000000000000000e+03 0.000000000000000000e+00
1.290000000000000000e+02 8.000000000000000000e+00 4.000000000000000000e+00 2.500000000000000000e+01 1.000000000000000000e+00 0.000000000000000000e+00 8.000000000000000000e+00 0.000000000000000000e+00 0.000000000000000000e+00 0.000000000000000000e+00
2.500000000000000000e+01 0.000000000000000000e+00 1.500000000000000000e+01 3.000000000000000000e+00 8.000000000000000000e+00 0.000000000000000000e+00 1.000000000000000000e+00 0.000000000000000000e+00 0.000000000000000000e+00 0.000000000000000000e+00
1.600000000000000000e+01 1.000000000000000000e+00 0.000000000000000000e+00 2.800000000000000000e+01 5.000000000000000000e+00 0.000000000000000000e+00 9.000000000000000000e+00 0.000000000000000000e+00 0.000000000000000000e+00 0.000000000000000000e+00
5.000000000000000000e+00 1.000000000000000000e+00 1.000000000000000000e+00 3.000000000000000000e+00 1.000000000000000000e+00 0.000000000000000000e+00 2.000000000000000000e+00 0.000000000000000000e+00 0.000000000000000000e+00 0.000000000000000000e+00
3.090000000000000000e+02 0.000000000000000000e+00 5.000000000000000000e+00 7.900000000000000000e+01 2.500000000000000000e+01 7.000000000000000000e+00 4.500000000000000000e+01 0.000000000000000000e+00 0.000000000000000000e+00 4.820000000000000000e+02
0.000000000000000000e+00 0.000000000000000000e+00 0.000000000000000000e+00 7.000000000000000000e+00 2.000000000000000000e+00 0.000000000000000000e+00 1.000000000000000000e+00 0.000000000000000000e+00 0.000000000000000000e+00 0.000000000000000000e+00
6.057000000000000000e+03 2.000000000000000000e+00 1.200000000000000000e+01 3.020000000000000000e+02 1.370000000000000000e+02 7.800000000000000000e+01 1.510000000000000000e+02 2.000000000000000000e+00 0.000000000000000000e+00 6.059000000000000000e+03
0.000000000000000000e+00 0.000000000000000000e+00 1.900000000000000000e+01 1.960000000000000000e+02 4.000000000000000000e+00 1.000000000000000000e+00 5.700000000000000000e+01 1.600000000000000000e+01 0.000000000000000000e+00 0.000000000000000000e+00
0.000000000000000000e+00 1.000000000000000000e+00 1.000000000000000000e+00 2.000000000000000000e+00 0.000000000000000000e+00 0.000000000000000000e+00 1.000000000000000000e+00 0.000000000000000000e+00 0.000000000000000000e+00 0.000000000000000000e+00
